0
1
2
3
4
5
6
7
8
9
a
b
c
d
e
f
10
11
12
13
100
101
102
103
104
105
106
107
108
109
10a
10b
10c
10d
10e
10f
110
111
112
113
200
201
202
203
204
205
206
207
208
209
20a
20b
20c
20d
20e
20f
210
211
212
213
300
301
302
303
304
305
306
307
308
309
30a
30b
30c
30d
30e
30f
310
311
312
313
400
401
402
403
404
405
406
407
408
409
40a
40b
40c
40d
40e
40f
410
411
412
413
500
501
502
503
504
505
506
507
508
509
50a
50b
50c
50d
50e
50f
510
511
512
513
600
601
602
603
604
605
606
607
608
609
60a
60b
60c
60d
60e
60f
610
611
612
613
700
701
702
703
704
705
706
707
708
709
70a
70b
70c
70d
70e
70f
710
711
712
713
800
801
802
803
804
805
806
807
808
809
80a
80b
80c
80d
80e
80f
810
811
812
813
900
901
902
903
904
905
906
907
908
909
90a
90b
90c
90d
90e
90f
910
911
912
913
